county,administered_date,total_doses,cumulative_total_doses,pfizer_doses,cumulative_pfizer_doses,moderna_doses,cumulative_moderna_doses,jj_doses,cumulative_jj_doses,partially_vaccinated,total_partially_vaccinated,fully_vaccinated,cumulative_fully_vaccinated,at_least_one_dose,cumulative_at_least_one_dose,week_of_year,weekday
San Diego,2021-01-01,1554,56809,688,40698,845,15850,17,208,1461,54650,74,1124,1476,55774,1,Friday
San Diego,2021-01-02,3904,60713,1450,42148,2452,18302,1,209,3769,58295,127,1251,3772,59546,1,Saturday
San Diego,2021-01-03,935,61648,674,42822,260,18562,1,210,924,59209,11,1262,925,60471,1,Sunday
San Diego,2021-01-04,4420,66068,2621,45443,1789,20351,6,216,3938,62695,461,1723,3947,64418,2,Monday
San Diego,2021-01-05,4621,70689,2369,47812,2246,22597,3,219,3936,65975,662,2385,3942,68360,2,Tuesday
San Diego,2021-01-06,5240,75929,2520,50332,2715,25312,0,219,3895,68571,1303,3688,3899,72259,2,Wednesday
San Diego,2021-01-07,6008,81937,3225,53557,2778,28090,2,221,3677,69969,2288,5976,3686,75945,2,Thursday
San Diego,2021-01-08,8394,90331,5287,58844,3098,31188,4,225,4384,70420,3947,9923,4398,80343,2,Friday
San Diego,2021-01-09,3715,94046,2076,60920,1635,32823,2,227,2082,70912,1599,11522,2091,82434,2,Saturday
San Diego,2021-01-10,1997,96043,1367,62287,628,33451,0,227,824,70597,1142,12664,827,83261,2,Sunday
San Diego,2021-01-11,10717,106760,6038,68325,4673,38124,1,228,7061,74074,3597,16261,7074,90335,3,Monday
San Diego,2021-01-12,11847,118607,5589,73914,6252,44376,1,229,8248,78831,3511,19772,8268,98603,3,Tuesday
San Diego,2021-01-13,12199,130806,5405,79319,6786,51162,1,230,9342,85393,2790,22562,9352,107955,3,Wednesday
San Diego,2021-01-14,12652,143458,4811,84130,7832,58994,1,231,10348,93665,2094,24656,10366,118321,3,Thursday
San Diego,2021-01-15,15458,158916,5523,89653,9923,68917,2,233,12577,103530,2757,27413,12622,130943,3,Friday
San Diego,2021-01-16,11178,170094,3899,93552,7274,76191,1,234,9401,111248,1701,29114,9419,140362,3,Saturday
San Diego,2021-01-17,8760,178854,2536,96088,6222,82413,0,234,7782,118130,911,30025,7793,148155,3,Sunday
San Diego,2021-01-18,13175,192029,6498,102586,6667,89080,1,235,10060,125242,2994,33019,10106,158261,4,Monday
San Diego,2021-01-19,15341,207370,6085,108671,9253,98333,1,236,11683,133412,3554,36573,11724,169985,4,Tuesday
San Diego,2021-01-20,18803,226173,6591,115262,12208,110541,0,236,15173,145098,3531,40104,15217,185202,4,Wednesday
San Diego,2021-01-21,17983,244156,6088,121350,11887,122428,3,239,16159,159583,1737,41841,16222,201424,4,Thursday
San Diego,2021-01-22,18008,262164,4854,126204,13144,135572,4,243,15586,172910,2315,44156,15642,217066,4,Friday
San Diego,2021-01-23,14672,276836,5348,131552,9316,144888,1,244,12245,182863,2337,46493,12290,229356,4,Saturday
San Diego,2021-01-24,12022,288858,3365,134917,8656,153544,0,244,10840,192616,1118,47611,10871,240227,4,Sunday
San Diego,2021-01-25,12681,301539,5969,140886,6701,160245,2,246,9324,198694,3285,50896,9363,249590,5,Monday
San Diego,2021-01-26,15582,317121,8036,148922,7534,167779,2,248,11849,206927,3647,54543,11880,261470,5,Tuesday
San Diego,2021-01-27,21201,338322,8418,157340,12768,180547,2,250,17815,221493,3305,57848,17871,279341,5,Wednesday
San Diego,2021-01-28,22076,360398,8183,165523,13882,194429,4,254,19387,238273,2635,60483,19415,298756,5,Thursday
San Diego,2021-01-29,20248,380646,6842,172365,13394,207823,1,255,17321,252798,2826,63309,17351,316107,5,Friday
San Diego,2021-01-30,15929,396575,3653,176018,12272,220095,0,255,13032,263039,2832,66141,13073,329180,5,Saturday
San Diego,2021-01-31,14827,411402,5773,181791,9050,229145,0,255,14240,276746,548,66689,14255,343435,5,Sunday
San Diego,2021-02-01,22150,433552,8077,189868,14044,243189,17,272,18000,290813,3987,70676,18054,361489,6,Monday
San Diego,2021-02-02,23858,457410,8926,198794,14918,258107,2,274,20052,307199,3707,74383,20093,381582,6,Tuesday
San Diego,2021-02-03,27897,485307,11813,210607,16065,274172,1,275,23086,325758,4638,79021,23197,404779,6,Wednesday
San Diego,2021-02-04,24873,510180,10311,220918,14552,288724,1,276,19916,340943,4852,83873,20037,424816,6,Thursday
San Diego,2021-02-05,25333,535513,8986,229904,16333,305057,6,282,18109,352214,7021,90894,18292,443108,6,Friday
San Diego,2021-02-06,21110,556623,8710,238614,12386,317443,2,284,17364,366081,3580,94474,17447,460555,6,Saturday
San Diego,2021-02-07,12305,568928,5458,244072,6841,324284,3,287,10079,374089,2122,96596,10130,470685,6,Sunday
San Diego,2021-02-08,20613,589541,8726,252798,11877,336161,4,291,12616,379075,7828,104424,12814,483499,7,Monday
San Diego,2021-02-09,21089,610630,8695,261493,12383,348544,4,295,13202,384830,7669,112093,13424,496923,7,Tuesday
San Diego,2021-02-10,23642,634272,9655,271148,13970,362514,1,296,13853,389469,9583,121676,14222,511145,7,Wednesday
San Diego,2021-02-11,24457,658729,10476,281624,13970,376484,4,300,12711,390986,11504,133180,13021,524166,7,Thursday
San Diego,2021-02-12,23996,682725,7579,289203,16409,392893,3,303,11552,390824,12199,145379,12037,536203,7,Friday
San Diego,2021-02-13,20048,702773,9065,298268,10973,403866,0,303,10536,392331,9333,154712,10840,547043,7,Saturday
San Diego,2021-02-14,11107,713880,7468,305736,3635,407501,1,304,5826,393369,5126,159838,6164,553207,7,Sunday
San Diego,2021-02-15,15357,729237,7751,313487,7592,415093,3,307,7378,393519,7748,167586,7898,561105,8,Monday
San Diego,2021-02-16,19556,748793,11403,324890,8138,423231,1,308,8981,392997,10320,177906,9798,570903,8,Tuesday
San Diego,2021-02-17,23915,772708,11220,336110,12682,435913,5,313,7915,385647,15666,193572,8316,579219,8,Wednesday
San Diego,2021-02-18,24495,797203,12582,348692,11900,447813,2,315,7829,377677,16294,209866,8324,587543,8,Thursday
San Diego,2021-02-19,16404,813607,11319,360011,5076,452889,0,315,6454,374735,9688,219554,6746,594289,8,Friday
San Diego,2021-02-20,10719,824326,6630,366641,4075,456964,1,316,5665,375968,4847,224401,6080,600369,8,Saturday
San Diego,2021-02-21,12089,836415,10404,377045,1679,458643,1,317,5101,374633,6778,231179,5443,605812,8,Sunday
San Diego,2021-02-22,13419,849834,11261,388306,2151,460794,3,320,5944,373691,7205,238384,6263,612075,9,Monday
San Diego,2021-02-23,26300,876134,14660,402966,11622,472416,4,324,9291,367399,16579,254963,10287,622362,9,Tuesday
San Diego,2021-02-24,29755,905889,13302,416268,16438,488854,3,327,6709,352652,22539,277502,7792,630154,9,Wednesday
San Diego,2021-02-25,33911,939800,15207,431475,18686,507540,2,329,9796,340223,23468,300970,11039,641193,9,Thursday
San Diego,2021-02-26,34094,973894,12831,444306,21249,528789,2,331,11873,331429,21553,322523,12759,653952,9,Friday
San Diego,2021-02-27,21425,995319,9704,454010,11708,540497,4,335,10969,332845,10117,332640,11533,665485,9,Saturday
San Diego,2021-02-28,15567,1010886,10110,464120,5451,545948,2,337,9207,336595,5937,338577,9687,675172,9,Sunday
San Diego,2021-03-01,25875,1036761,14994,479114,10814,556762,49,386,14979,342098,10254,348831,15757,690929,10,Monday
San Diego,2021-03-02,27257,1064018,14662,493776,12564,569326,14,400,12913,342088,13936,362767,13926,704855,10,Tuesday
San Diego,2021-03-03,34882,1098900,16515,510291,18330,587656,21,421,14026,337095,20247,383014,15254,720109,10,Wednesday
San Diego,2021-03-04,29086,1127986,14589,524880,14474,602130,13,434,12673,335003,15987,399001,13895,734004,10,Thursday
San Diego,2021-03-05,29660,1157646,15168,540048,14384,616514,99,533,13398,333836,15737,414738,14570,748574,10,Friday
San Diego,2021-03-06,23901,1181547,9690,549738,13482,629996,722,1255,10410,332530,13150,427888,11844,760418,10,Saturday
San Diego,2021-03-07,18599,1200146,9485,559223,8436,638432,672,1927,6869,329100,11459,439347,8029,768447,10,Sunday
San Diego,2021-03-08,23473,1223619,11404,570627,11135,649567,928,2855,11308,330167,11803,451150,12870,781317,11,Monday
San Diego,2021-03-09,26631,1250250,12332,582959,12508,662075,1784,4639,10466,327234,15788,466938,12855,794172,11,Tuesday
San Diego,2021-03-10,26032,1276282,10929,593888,12647,674722,2446,7085,10074,324719,15588,482526,13073,807245,11,Wednesday
San Diego,2021-03-11,29228,1305510,11385,605273,14216,688938,3621,10706,10000,319981,18831,501357,14093,821338,11,Thursday
San Diego,2021-03-12,27714,1333224,9732,615005,14760,703698,3212,13918,9861,315994,17524,518881,13537,834875,11,Friday
San Diego,2021-03-13,26388,1359612,7423,622428,17138,720836,1817,15735,10049,312393,15992,534873,12391,847266,11,Saturday
San Diego,2021-03-14,13812,1373424,5533,627961,7537,728373,741,16476,4759,309322,8836,543709,5765,853031,11,Sunday
San Diego,2021-03-15,22462,1395886,10427,638388,11177,739550,844,17320,9053,306598,13034,556743,10310,863341,12,Monday
San Diego,2021-03-16,30450,1426336,16055,654443,13922,753472,459,17779,15547,308508,14540,571283,16450,879791,12,Tuesday
San Diego,2021-03-17,27343,1453679,12612,667055,13963,767435,758,18537,17190,316934,9866,581149,18292,898083,12,Wednesday
San Diego,2021-03-18,32243,1485922,18096,685151,13174,780609,971,19508,17194,320678,14710,595859,18454,916537,12,Thursday
San Diego,2021-03-19,31196,1517118,14959,700110,15133,795742,1095,20603,19674,330376,11279,607138,20977,937514,12,Friday
San Diego,2021-03-20,28460,1545578,8774,708884,17861,813603,1821,22424,21747,347590,6499,613637,23713,961227,12,Saturday
San Diego,2021-03-21,16978,1562556,12317,721201,3925,817528,728,23152,7844,347339,8932,622569,8681,969908,12,Sunday
San Diego,2021-03-22,23147,1585703,13427,734628,9392,826920,318,23470,14500,353968,8414,630983,15043,984951,13,Monday
San Diego,2021-03-23,26632,1612335,13997,748625,12306,839226,322,23792,17217,362614,9162,640145,17808,1002759,13,Tuesday
San Diego,2021-03-24,30286,1642621,20210,768835,9641,848867,423,24215,17241,367752,12773,652918,17911,1020670,13,Wednesday
San Diego,2021-03-25,31244,1673865,18848,787683,11682,860549,704,24919,18170,374059,12807,665725,19114,1039784,13,Thursday
San Diego,2021-03-26,32877,1706742,18487,806170,13840,874389,544,25463,17662,377601,14895,680620,18437,1058221,13,Friday
San Diego,2021-03-27,26095,1732837,11494,817664,14186,888575,409,25872,15867,384110,9989,690609,16498,1074719,13,Saturday
San Diego,2021-03-28,15567,1748404,9642,827306,5851,894426,62,25934,9246,387450,6132,696741,9472,1084191,13,Sunday
San Diego,2021-03-29,27669,1776073,13589,840895,13410,907836,663,26597,16447,393883,10964,707705,17397,1101588,14,Monday
San Diego,2021-03-30,34293,1810366,18693,859588,14828,922664,759,27356,22291,405440,11713,719418,23270,1124858,14,Tuesday
San Diego,2021-03-31,31271,1841637,19431,879019,11072,933736,757,28113,20797,416962,10232,729650,21754,1146612,14,Wednesday
San Diego,2021-04-01,36439,1878076,21326,900345,13454,947190,1637,29750,24038,430986,11893,741543,25917,1172529,14,Thursday
San Diego,2021-04-02,36871,1914947,21437,921782,12507,959697,2911,32661,24417,446318,12189,753732,27521,1200050,14,Friday
San Diego,2021-04-03,31524,1946471,14841,936623,11960,971657,4716,37377,19630,459183,11653,765385,24518,1224568,14,Saturday
San Diego,2021-04-04,9233,1955704,5358,941981,2916,974573,957,38334,4779,460614,4358,769743,5789,1230357,14,Sunday
San Diego,2021-04-05,31086,1986790,16272,958253,11957,986530,2843,41177,19621,472133,11235,780978,22754,1253111,15,Monday
San Diego,2021-04-06,40101,2026891,21335,979588,12674,999204,6079,47256,22617,483813,17197,798175,28877,1281988,15,Tuesday
San Diego,2021-04-07,37327,2064218,22792,1002380,9797,1009001,4723,51979,20452,492616,16582,814757,25385,1307373,15,Wednesday
San Diego,2021-04-08,36467,2100685,22293,1024673,9896,1018897,4266,56245,21438,503850,14769,829526,26003,1333376,15,Thursday
San Diego,2021-04-09,39436,2140121,23540,1048213,10484,1029381,5404,61649,20756,511935,18401,847927,26486,1359862,15,Friday
San Diego,2021-04-10,29937,2170058,12092,1060305,13693,1043074,4140,65789,15092,516847,14572,862499,19484,1379346,15,Saturday
San Diego,2021-04-11,16577,2186635,10198,1070503,3962,1047036,2410,68199,7019,517115,9398,871897,9666,1389012,15,Sunday
San Diego,2021-04-12,31531,2218166,13322,1083825,13773,1060809,4428,72627,17142,524846,14111,886008,21842,1410854,16,Monday
San Diego,2021-04-13,37828,2255994,18189,1102014,19579,1080388,50,72677,24476,536728,12996,899004,24878,1435732,16,Tuesday
San Diego,2021-04-14,33925,2289919,19537,1121551,14337,1094725,34,72711,17818,539317,15706,914710,18295,1454027,16,Wednesday
San Diego,2021-04-15,40790,2330709,21273,1142824,19462,1114187,39,72750,24147,547613,16245,930955,24541,1478568,16,Thursday
San Diego,2021-04-16,34620,2365329,19080,1161904,15515,1129702,19,72769,19591,552779,14750,945705,19916,1498484,16,Friday
San Diego,2021-04-17,28690,2394019,14001,1175905,14676,1144378,6,72775,12373,549493,15985,961690,12699,1511183,16,Saturday
San Diego,2021-04-18,15062,2409081,9369,1185274,5677,1150055,14,72789,6705,548299,8144,969834,6950,1518133,16,Sunday
San Diego,2021-04-19,27283,2436364,14012,1199286,13242,1163297,14,72803,12379,546337,14591,984425,12629,1530762,17,Monday
San Diego,2021-04-20,40850,2477214,19119,1218405,21701,1184998,14,72817,20279,546850,20157,1004582,20670,1551432,17,Tuesday
San Diego,2021-04-21,37544,2514758,22797,1241202,14710,1199708,22,72839,17418,545062,19665,1024247,17877,1569309,17,Wednesday
San Diego,2021-04-22,46190,2560948,24091,1265293,22086,1221794,4,72843,22433,544617,23317,1047564,22872,1592181,17,Thursday
San Diego,2021-04-23,43738,2604686,27228,1292521,16483,1238277,9,72852,15754,533251,27545,1075109,16179,1608360,17,Friday
San Diego,2021-04-24,35774,2640460,19394,1311915,16355,1254632,18,72870,15410,529123,19957,1095066,15829,1624189,17,Saturday
San Diego,2021-04-25,12868,2653328,7817,1319732,5041,1259673,3,72873,5674,527955,7049,1102115,5881,1630070,17,Sunday
San Diego,2021-04-26,34200,2687528,17250,1336982,16769,1276442,170,73043,11514,517803,22321,1124436,12169,1642239,18,Monday
San Diego,2021-04-27,45668,2733196,25186,1362168,19882,1296324,587,73630,19384,512413,25806,1150242,20416,1662655,18,Tuesday
San Diego,2021-04-28,39173,2772369,23324,1385492,15131,1311455,702,74332,16972,508733,21733,1171975,18053,1680708,18,Wednesday
San Diego,2021-04-29,39158,2811527,25014,1410506,13437,1324892,692,75024,15214,501456,23493,1195468,16216,1696924,18,Thursday
San Diego,2021-04-30,39119,2850646,23747,1434253,14243,1339135,1121,76145,14731,493692,23955,1219423,16191,1713115,18,Friday
San Diego,2021-05-01,25474,2876120,11294,1445547,13471,1352606,702,76847,9555,488843,15475,1234898,10626,1723741,18,Saturday
San Diego,2021-05-02,10795,2886915,7574,1453121,2602,1355208,612,77459,3043,485000,7616,1242514,3773,1727514,18,Sunday
San Diego,2021-05-03,25790,2912705,12706,1465827,11868,1367076,1209,78668,8971,478810,16587,1259101,10397,1737911,19,Monday
San Diego,2021-05-04,32688,2945393,18205,1484032,13155,1380231,1317,79985,11387,470770,21021,1280122,12981,1750892,19,Tuesday
San Diego,2021-05-05,28682,2974075,17758,1501790,9611,1389842,1304,81289,10508,465008,17870,1297992,12108,1763000,19,Wednesday
San Diego,2021-05-06,29144,3003219,19425,1521215,8758,1398600,951,82240,10508,458405,18363,1316355,11760,1774760,19,Thursday
San Diego,2021-05-07,30271,3033490,19814,1541029,9390,1407990,1056,83296,10765,451358,19242,1335597,12195,1786955,19,Friday
San Diego,2021-05-08,23613,3057103,11346,1552375,11498,1419488,759,84055,7059,443369,16303,1351900,8314,1795269,19,Saturday
San Diego,2021-05-09,7903,3065006,5766,1558141,1702,1421190,434,84489,2451,441043,5346,1357246,3020,1798289,19,Sunday
San Diego,2021-05-10,22201,3087207,8871,1567012,12475,1433665,843,85332,5732,431831,16239,1373485,7027,1805316,20,Monday
San Diego,2021-05-11,29297,3116504,12535,1579547,15905,1449570,845,86177,9804,423685,19229,1392714,11083,1816399,20,Tuesday
San Diego,2021-05-12,23549,3140053,12951,1592498,9692,1459262,902,87079,7928,417521,15357,1408071,9193,1825592,20,Wednesday
San Diego,2021-05-13,31942,3171995,19396,1611894,11874,1471136,665,87744,12729,412411,18910,1426981,13800,1839392,20,Thursday
San Diego,2021-05-14,31408,3203403,20061,1631955,10439,1481575,898,88642,13802,410257,17303,1444284,15149,1854541,20,Friday
San Diego,2021-05-15,26832,3230235,16788,1648743,9173,1490748,864,89506,10692,406457,15768,1460052,11968,1866509,20,Saturday
San Diego,2021-05-16,13888,3244123,10338,1659081,2956,1493704,588,90094,6234,405924,7496,1467548,6963,1873472,20,Sunday
San Diego,2021-05-17,21673,3265796,13118,1672199,7741,1501445,806,90900,8674,402979,12792,1480340,9847,1883319,21,Monday
San Diego,2021-05-18,34554,3300350,19577,1691776,14058,1515503,911,91811,13114,396290,21151,1501491,14462,1897781,21,Tuesday
San Diego,2021-05-19,28741,3329091,18096,1709872,9778,1525281,860,92671,11902,392928,16557,1518048,13195,1910976,21,Wednesday
San Diego,2021-05-20,35174,3364265,19493,1729365,14804,1540085,864,93535,11645,382817,23234,1541282,13123,1924099,21,Thursday
San Diego,2021-05-21,27459,3391724,17371,1746736,9015,1549100,1064,94599,10782,378717,16414,1557696,12314,1936413,21,Friday
San Diego,2021-05-22,21739,3413463,12494,1759230,7975,1557075,1265,95864,8821,376568,12735,1570431,10586,1946999,21,Saturday
San Diego,2021-05-23,7404,3420867,5257,1764487,1810,1558885,335,96199,3429,376586,3898,1574329,3916,1950915,21,Sunday
San Diego,2021-05-24,18002,3438869,9182,1773669,6797,1565682,2015,98214,6247,373605,11602,1585931,8621,1959536,22,Monday
San Diego,2021-05-25,24481,3463350,13151,1786820,9401,1575083,1921,100135,8295,368293,15962,1601893,10650,1970186,22,Tuesday
San Diego,2021-05-26,19339,3482689,10685,1797505,6597,1581680,2053,102188,6519,364535,12658,1614551,8900,1979086,22,Wednesday
San Diego,2021-05-27,20787,3503476,11992,1809497,6335,1588015,2453,104641,6809,360437,13800,1628351,9702,1988788,22,Thursday
San Diego,2021-05-28,21455,3524931,13265,1822762,7423,1595438,763,105404,8213,356710,13046,1641397,9319,1998107,22,Friday
San Diego,2021-05-29,12096,3537027,7592,1830354,3974,1599412,523,105927,4945,355370,7006,1648403,5666,2003773,22,Saturday
San Diego,2021-05-30,4735,3541762,3238,1833592,1094,1600506,399,106326,1947,355090,2730,1651133,2450,2006223,22,Sunday
San Diego,2021-05-31,2657,3544419,1805,1835397,681,1601187,170,106496,831,354380,1771,1652904,1061,2007284,23,Monday
San Diego,2021-06-01,21631,3566050,11470,1846867,8462,1609649,1689,108185,5673,346455,15685,1668589,7760,2015044,23,Tuesday
San Diego,2021-06-02,17221,3583271,8893,1855760,6194,1615843,2128,110313,5367,342558,11724,1680313,7827,2022871,23,Wednesday
San Diego,2021-06-03,19294,3602565,12051,1867811,5392,1621235,1846,112159,5030,335734,14132,1694445,7308,2030179,23,Thursday
San Diego,2021-06-04,19994,3622559,13946,1881757,5367,1626602,668,112827,5628,328407,14208,1708653,6881,2037060,23,Friday
San Diego,2021-06-05,15983,3638542,12145,1893902,3030,1629632,802,113629,4363,322525,11476,1720129,5594,2042654,23,Saturday
San Diego,2021-06-06,5703,3644245,4591,1898493,765,1630397,343,113972,1517,320537,4104,1724233,2116,2044770,23,Sunday
San Diego,2021-06-07,12879,3657124,8082,1906575,3400,1633797,1393,115365,3454,316347,9309,1733542,5119,2049889,24,Monday
San Diego,2021-06-08,20573,3677697,14529,1921104,4124,1637921,1916,117281,4837,307903,15618,1749160,7174,2057063,24,Tuesday
San Diego,2021-06-09,17004,3694701,11274,1932378,3735,1641656,1989,119270,4205,301749,12673,1761833,6519,2063582,24,Wednesday
San Diego,2021-06-10,18035,3712736,12025,1944403,3891,1645547,2115,121385,4223,294815,13694,1775527,6760,2070342,24,Thursday
San Diego,2021-06-11,15939,3728675,10137,1954540,4407,1649954,1387,122772,4193,289129,11618,1787145,5932,2076274,24,Friday
San Diego,2021-06-12,11377,3740052,8740,1963280,2194,1652148,440,123212,3063,284663,8217,1795362,3751,2080025,24,Saturday
San Diego,2021-06-13,4191,3744243,3138,1966418,835,1652983,217,123429,945,282765,3215,1798577,1317,2081342,24,Sunday
San Diego,2021-06-14,12649,3756892,7606,1974024,2839,1655822,2201,125630,3428,279494,9119,1807696,5848,2087190,25,Monday
San Diego,2021-06-15,18020,3774912,10310,1984334,4226,1660048,3477,129107,4572,274596,13288,1820984,8390,2095580,25,Tuesday
San Diego,2021-06-16,14163,3789075,9049,1993383,2774,1662822,2335,131442,4486,272176,9561,1830545,7141,2102721,25,Wednesday
San Diego,2021-06-17,15244,3804319,8525,2001908,3475,1666297,3236,134678,4096,268745,11018,1841563,7587,2110308,25,Thursday
San Diego,2021-06-18,14429,3818748,8811,2010719,3621,1669918,1996,136674,4317,265345,10010,1851573,6610,2116918,25,Friday
San Diego,2021-06-19,7679,3826427,5600,2016319,1544,1671462,534,137208,2660,263856,4927,1856500,3438,2120356,25,Saturday
San Diego,2021-06-20,3193,3829620,2263,2018582,658,1672120,271,137479,1107,263298,2037,1858537,1479,2121835,25,Sunday
San Diego,2021-06-21,9362,3838982,5292,2023874,2420,1674540,1649,139128,3848,263571,5431,1863968,5704,2127539,26,Monday
San Diego,2021-06-22,11366,3850348,7570,2031444,2575,1677115,1216,140344,4330,262464,6950,1870918,5843,2133382,26,Tuesday
San Diego,2021-06-23,10874,3861222,7019,2038463,2321,1679436,1530,141874,4283,262026,6515,1877433,6077,2139459,26,Wednesday
San Diego,2021-06-24,10078,3871300,6514,2044977,2749,1682185,812,142686,3918,260937,6093,1883526,5004,2144463,26,Thursday
San Diego,2021-06-25,10655,3881955,7372,2052349,2662,1684847,617,143303,3992,259221,6578,1890104,4862,2149325,26,Friday
San Diego,2021-06-26,6711,3888666,5246,2057595,1144,1685991,317,143620,2567,258272,4074,1894178,3125,2152450,26,Saturday
San Diego,2021-06-27,2993,3891659,2294,2059889,484,1686475,214,143834,1263,258128,1704,1895882,1560,2154010,26,Sunday
San Diego,2021-06-28,7184,3898843,5273,2065162,1392,1687867,517,144351,3208,258119,3910,1899792,3901,2157911,27,Monday
San Diego,2021-06-29,8771,3907614,6099,2071261,1986,1689853,685,145036,3509,257369,5183,1904975,4433,2162344,27,Tuesday
San Diego,2021-06-30,8251,3915865,6053,2077314,1662,1691515,531,145567,3430,256853,4697,1909672,4181,2166525,27,Wednesday
San Diego,2021-07-01,7427,3923292,5092,2082406,1910,1693425,422,145989,3081,256354,4220,1913892,3721,2170246,27,Thursday
San Diego,2021-07-02,7615,3930907,5228,2087634,1957,1695382,428,146417,3122,255696,4408,1918300,3750,2173996,27,Friday
San Diego,2021-07-03,4148,3935055,3115,2090749,860,1696242,172,146589,1814,255511,2305,1920605,2120,2176116,27,Saturday
San Diego,2021-07-04,455,3935510,301,2091050,67,1696309,85,146674,160,255489,283,1920888,261,2176377,27,Sunday
San Diego,2021-07-05,3973,3939483,2835,2093885,837,1697146,297,146971,1765,255519,2158,1923046,2188,2178565,28,Monday
San Diego,2021-07-06,8430,3947913,6212,2100097,1785,1698931,430,147401,3015,253870,5346,1928392,3697,2182262,28,Tuesday
San Diego,2021-07-07,7657,3955570,5644,2105741,1486,1700417,524,147925,2989,253057,4602,1932994,3789,2186051,28,Wednesday
San Diego,2021-07-08,7033,3962603,4988,2110729,1532,1701949,506,148431,2767,252351,4185,1937179,3479,2189530,28,Thursday
San Diego,2021-07-09,7613,3970216,5077,2115806,1903,1703852,630,149061,2988,251628,4559,1941738,3836,2193366,28,Friday
San Diego,2021-07-10,4785,3975001,3614,2119420,866,1704718,304,149365,1992,251296,2757,1944495,2425,2195791,28,Saturday
San Diego,2021-07-11,2177,3977178,1607,2121027,383,1705101,186,149551,946,251276,1216,1945711,1196,2196987,28,Sunday
San Diego,2021-07-12,6546,3983724,4721,2125748,1371,1706472,451,150002,2526,250435,3966,1949677,3125,2200112,29,Monday
San Diego,2021-07-13,7344,3991068,5410,2131158,1561,1708033,369,150371,3051,249820,4237,1953914,3622,2203734,29,Tuesday
San Diego,2021-07-14,6987,3998055,5176,2136334,1397,1709430,409,150780,2868,249270,4051,1957965,3501,2207235,29,Wednesday
San Diego,2021-07-15,6861,4004916,5142,2141476,1385,1710815,330,151110,2910,248862,3857,1961822,3449,2210684,29,Thursday
San Diego,2021-07-16,7565,4012481,5355,2146831,1820,1712635,386,151496,3289,248533,4210,1966032,3881,2214565,29,Friday
San Diego,2021-07-17,4570,4017051,3374,2150205,966,1713601,229,151725,2052,248457,2470,1968502,2394,2216959,29,Saturday
San Diego,2021-07-18,2464,4019515,1811,2152016,483,1714084,170,151895,1105,248463,1339,1969841,1345,2218304,29,Sunday
San Diego,2021-07-19,6267,4025782,4585,2156601,1316,1715400,362,152257,2894,248546,3332,1973173,3415,2221719,30,Monday
San Diego,2021-07-20,7678,4033460,5543,2162144,1697,1717097,436,152693,3629,248835,3981,1977154,4270,2225989,30,Tuesday
San Diego,2021-07-21,7176,4040636,5254,2167398,1521,1718618,400,153093,3276,248891,3826,1980980,3882,2229871,30,Wednesday
San Diego,2021-07-22,6942,4047578,4987,2172385,1603,1720221,351,153444,3497,249553,3372,1984352,4034,2233905,30,Thursday
San Diego,2021-07-23,7916,4055494,5735,2178120,1815,1722036,362,153806,4128,250547,3702,1988054,4696,2238601,30,Friday
San Diego,2021-07-24,4894,4060388,3524,2181644,1155,1723191,213,154019,2719,251463,2126,1990180,3042,2241643,30,Saturday
San Diego,2021-07-25,2503,4062891,1796,2183440,533,1723724,173,154192,1673,252564,807,1990987,1908,2243551,30,Sunday
San Diego,2021-07-26,6522,4069413,4566,2188006,1525,1725249,430,154622,3848,254376,2609,1993596,4421,2247972,31,Monday
San Diego,2021-07-27,7795,4077208,5634,2193640,1748,1726997,408,155030,4308,255841,3415,1997011,4880,2252852,31,Tuesday
San Diego,2021-07-28,7789,4084997,5749,2199389,1601,1728598,437,155467,4430,257610,3279,2000290,5048,2257900,31,Wednesday
San Diego,2021-07-29,7219,4092216,5283,2204672,1532,1730130,400,155867,4085,259183,3064,2003354,4637,2262537,31,Thursday
San Diego,2021-07-30,8268,4100484,5751,2210423,2086,1732216,427,156294,4811,261221,3367,2006721,5405,2267942,31,Friday
San Diego,2021-07-31,5125,4105609,3806,2214229,1070,1733286,246,156540,2965,262464,2088,2008809,3331,2271273,31,Saturday
San Diego,2021-08-01,2958,4108567,2242,2216471,505,1733791,209,156749,1755,263387,1132,2009941,2055,2273328,31,Sunday
San Diego,2021-08-02,7047,4115614,5369,2221840,1307,1735098,365,157114,4447,265795,2522,2012463,4930,2278258,32,Monday
San Diego,2021-08-03,7818,4123432,5655,2227495,1699,1736797,461,157575,4521,267698,3235,2015698,5138,2283396,32,Tuesday
San Diego,2021-08-04,7537,4130969,5511,2233006,1589,1738386,434,158009,4419,269636,3042,2018740,4980,2288376,32,Wednesday
San Diego,2021-08-05,7500,4138469,5511,2238517,1549,1739935,438,158447,4335,271455,3068,2021808,4887,2293263,32,Thursday
San Diego,2021-08-06,8485,4146954,5983,2244500,2082,1742017,418,158865,5017,273663,3367,2025175,5575,2298838,32,Friday
San Diego,2021-08-07,5328,4152282,4093,2248593,982,1742999,250,159115,3207,275147,2057,2027232,3541,2302379,32,Saturday
San Diego,2021-08-08,2977,4155259,2256,2250849,557,1743556,164,159279,1856,276155,1064,2028296,2072,2304451,32,Sunday
San Diego,2021-08-09,7520,4162779,5704,2256553,1362,1744918,451,159730,4350,277990,3078,2031374,4913,2309364,33,Monday
San Diego,2021-08-10,8288,4171067,6113,2262666,1728,1746646,446,160176,4668,279731,3512,2034886,5253,2314617,33,Tuesday
San Diego,2021-08-11,6851,4177918,5137,2267803,1310,1747956,402,160578,3609,280681,3160,2038046,4110,2318727,33,Wednesday
San Diego,2021-08-12,7555,4185473,5497,2273300,1639,1749595,416,160994,4216,282202,3246,2041292,4767,2323494,33,Thursday
San Diego,2021-08-13,9035,4194508,6408,2279708,2235,1751830,383,161377,4879,283650,3976,2045268,5424,2328918,33,Friday
San Diego,2021-08-14,6217,4200725,4513,2284221,1422,1753252,279,161656,3262,284778,2636,2047904,3764,2332682,33,Saturday
San Diego,2021-08-15,3631,4204356,2563,2286784,895,1754147,170,161826,1683,285105,1667,2049571,1994,2334676,33,Sunday
San Diego,2021-08-16,8823,4213179,6242,2293026,2159,1756306,418,162244,4260,286178,3860,2053431,4933,2339609,34,Monday
San Diego,2021-08-17,9173,4222352,6408,2299434,2330,1758636,431,162675,4267,287050,4142,2057573,5014,2344623,34,Tuesday
San Diego,2021-08-18,9358,4231710,6378,2305812,2528,1761164,449,163124,3992,287675,4186,2061759,4811,2349434,34,Wednesday
San Diego,2021-08-19,9232,4240942,6234,2312046,2613,1763777,383,163507,3846,288296,3954,2065713,4575,2354009,34,Thursday
San Diego,2021-08-20,10609,4251551,7140,2319186,3096,1766873,367,163874,4253,288487,4824,2070537,5015,2359024,34,Friday
San Diego,2021-08-21,6516,4258067,4739,2323925,1480,1768353,294,164168,2894,288823,3094,2073631,3430,2362454,34,Saturday
San Diego,2021-08-22,3830,4261897,2734,2326659,966,1769319,129,164297,1691,289070,1759,2075390,2006,2364460,34,Sunday
San Diego,2021-08-23,9395,4271292,6866,2333525,2202,1771521,317,164614,3969,289352,4388,2079778,4670,2369130,35,Monday
San Diego,2021-08-24,9364,4280656,6779,2340304,2225,1773746,356,164970,3964,289580,4437,2084215,4665,2373795,35,Tuesday
San Diego,2021-08-25,8965,4289621,6608,2346912,2004,1775750,349,165319,3726,289734,4291,2088506,4445,2378240,35,Wednesday
San Diego,2021-08-26,8655,4298276,6284,2353196,2041,1777791,323,165642,3548,289797,4141,2092647,4204,2382444,35,Thursday
San Diego,2021-08-27,10724,4309000,7667,2360863,2714,1780505,335,165977,4282,289586,5220,2097867,5009,2387453,35,Friday
San Diego,2021-08-28,6463,4315463,4876,2365739,1398,1781903,184,166161,2643,289408,3298,2101165,3120,2390573,35,Saturday
San Diego,2021-08-29,3869,4319332,2824,2368563,931,1782834,114,166275,1551,289335,1954,2103119,1881,2392454,35,Sunday
San Diego,2021-08-30,8811,4328143,6450,2375013,2110,1784944,246,166521,3311,288811,4422,2107541,3898,2396352,36,Monday
San Diego,2021-08-31,8983,4337126,6388,2381401,2259,1787203,333,166854,3252,288076,4665,2112206,3930,2400282,36,Tuesday
San Diego,2021-09-01,8510,4345636,6041,2387442,2154,1789357,301,167155,3413,288223,3983,2116189,4130,2404412,36,Wednesday
San Diego,2021-09-02,8205,4353841,5715,2393157,2226,1791583,259,167414,3011,287851,4012,2120201,3640,2408052,36,Thursday
San Diego,2021-09-03,9469,4363310,6507,2399664,2686,1794269,268,167682,3322,286963,4881,2125082,3993,2412045,36,Friday
San Diego,2021-09-04,5695,4369005,4328,2403992,1217,1795486,147,167829,2064,286391,3048,2128130,2476,2414521,36,Saturday
San Diego,2021-09-05,3368,4372373,2437,2406429,885,1796371,46,167875,1277,286195,1686,2129816,1490,2416011,36,Sunday
San Diego,2021-09-06,1678,4374051,1157,2407586,445,1796816,75,167950,623,286043,922,2130738,770,2416781,37,Monday
San Diego,2021-09-07,7969,4382020,5873,2413459,1818,1798634,271,168221,2454,284455,4609,2135347,3021,2419802,37,Tuesday
San Diego,2021-09-08,8046,4390066,5814,2419273,1992,1800626,230,168451,2917,283843,4098,2139445,3486,2423288,37,Wednesday
San Diego,2021-09-09,7718,4397784,5238,2424511,2193,1802819,282,168733,2808,283355,3894,2143339,3406,2426694,37,Thursday
San Diego,2021-09-10,8884,4406668,6122,2430633,2479,1805298,276,169009,3087,282308,4743,2148082,3696,2430390,37,Friday
San Diego,2021-09-11,5480,4412148,4143,2434776,1195,1806493,138,169147,1928,281539,3072,2151154,2303,2432693,37,Saturday
San Diego,2021-09-12,3024,4415172,2121,2436897,803,1807296,98,169245,1110,281308,1586,2152740,1355,2434048,37,Sunday
San Diego,2021-09-13,7362,4422534,5229,2442126,1911,1809207,211,169456,2486,280231,4072,2156812,2995,2437043,38,Monday
San Diego,2021-09-14,7021,4429555,4940,2447066,1771,1810978,306,169762,2339,279166,3981,2160793,2916,2439959,38,Tuesday
San Diego,2021-09-15,6904,4436459,4835,2451901,1640,1812618,425,170187,2198,278054,4041,2164834,2929,2442888,38,Wednesday
San Diego,2021-09-16,6629,4443088,4578,2456479,1768,1814386,277,170464,2178,277111,3645,2168479,2702,2445590,38,Thursday
San Diego,2021-09-17,7499,4450587,5171,2461650,2062,1816448,261,170725,2238,275562,4369,2172848,2820,2448410,38,Friday
San Diego,2021-09-18,4819,4455406,3563,2465213,1151,1817599,104,170829,1618,274778,2716,2175564,1932,2450342,38,Saturday
San Diego,2021-09-19,2808,4458214,1986,2467199,735,1818334,87,170916,924,274373,1557,2177121,1152,2451494,38,Sunday
San Diego,2021-09-20,6692,4464906,4693,2471892,1668,1820002,325,171241,2095,273525,3602,2180723,2754,2454248,39,Monday
San Diego,2021-09-21,6390,4471296,4699,2476591,1413,1821415,272,171513,2156,272895,3329,2184052,2699,2456947,39,Tuesday
San Diego,2021-09-22,6068,4477364,4420,2481011,1462,1822877,181,171694,1971,272097,3228,2187280,2430,2459377,39,Wednesday
San Diego,2021-09-23,5753,4483117,4166,2485177,1417,1824294,164,171858,1794,271499,2893,2190173,2295,2461672,39,Thursday
San Diego,2021-09-24,8535,4491652,6601,2491778,1770,1826064,158,172016,2249,270624,3944,2194117,3069,2464741,39,Friday
San Diego,2021-09-25,5530,4497182,4562,2496340,854,1826918,112,172128,1462,270232,2464,2196581,2072,2466813,39,Saturday
San Diego,2021-09-26,2838,4500020,2408,2498748,345,1827263,83,172211,634,269907,1321,2197902,996,2467809,39,Sunday
San Diego,2021-09-27,9849,4509869,8394,2507142,1248,1828511,205,172416,2061,270151,2990,2200892,3234,2471043,40,Monday
San Diego,2021-09-28,10848,4520717,9327,2516469,1286,1829797,228,172644,2266,269822,3831,2204723,3502,2474545,40,Tuesday
San Diego,2021-09-29,10718,4531435,9140,2525609,1304,1831101,269,172913,2275,269537,3795,2208518,3510,2478055,40,Wednesday
San Diego,2021-09-30,10478,4541913,9059,2534668,1207,1832308,208,173121,2109,269070,3805,2212323,3338,2481393,40,Thursday
San Diego,2021-10-01,11717,4553630,9968,2544636,1461,1833769,273,173394,2178,268562,4090,2216413,3582,2484975,40,Friday
San Diego,2021-10-02,4836,4558466,4117,2548753,615,1834384,99,173493,1225,268141,2155,2218568,1734,2486709,40,Saturday
San Diego,2021-10-03,2913,4561379,2397,2551150,433,1834817,83,173576,775,268001,1282,2219850,1142,2487851,40,Sunday
San Diego,2021-10-04,10286,4571665,9196,2560346,867,1835684,216,173792,1968,267813,3345,2223195,3157,2491008,41,Monday
San Diego,2021-10-05,9269,4580934,8131,2568477,944,1836628,189,173981,1884,267708,2936,2226131,2831,2493839,41,Tuesday
San Diego,2021-10-06,9563,4590497,8489,2576966,806,1837434,263,174244,1835,267674,2957,2229088,2923,2496762,41,Wednesday
San Diego,2021-10-07,10032,4600529,8799,2585765,1000,1838434,227,174471,2019,267744,3039,2232127,3109,2499871,41,Thursday
San Diego,2021-10-08,11428,4611957,9753,2595518,1343,1839777,322,174793,2351,267698,3770,2235897,3724,2503595,41,Friday
San Diego,2021-10-09,4926,4616883,4189,2599707,631,1840408,101,174894,1260,267554,1996,2237893,1852,2505447,41,Saturday
San Diego,2021-10-10,2779,4619662,2311,2602018,393,1840801,72,174966,813,267527,1149,2239042,1122,2506569,41,Sunday
San Diego,2021-10-11,9978,4629640,8781,2610799,931,1841732,254,175220,1960,267614,3016,2242058,3103,2509672,42,Monday
San Diego,2021-10-12,8667,4638307,7605,2618404,817,1842549,233,175453,1794,267559,2868,2244926,2813,2512485,42,Tuesday
San Diego,2021-10-13,8312,4646619,7211,2625615,870,1843419,225,175678,1835,267701,2587,2247513,2729,2515214,42,Wednesday
San Diego,2021-10-14,8203,4654822,7066,2632681,875,1844294,258,175936,1868,267916,2565,2250078,2780,2517994,42,Thursday
San Diego,2021-10-15,10030,4664852,8489,2641170,1202,1845496,329,176265,2230,268242,3195,2253273,3521,2521515,42,Friday
San Diego,2021-10-16,4560,4669412,3907,2645077,554,1846050,99,176364,1214,268270,1752,2255025,1780,2523295,42,Saturday
San Diego,2021-10-17,2207,4671619,1804,2646881,323,1846373,79,176443,658,268410,815,2255840,955,2524250,42,Sunday
San Diego,2021-10-18,8942,4680561,7631,2654512,965,1847338,342,176785,1983,268683,2775,2258615,3048,2527298,43,Monday
San Diego,2021-10-19,7738,4688299,6566,2661078,950,1848288,217,177002,1718,268880,2422,2261037,2619,2529917,43,Tuesday
San Diego,2021-10-20,7182,4695481,5955,2667033,965,1849253,258,177260,1447,268718,2511,2263548,2349,2532266,43,Wednesday
San Diego,2021-10-21,7701,4703182,6356,2673389,1109,1850362,231,177491,1532,268639,2582,2266130,2503,2534769,43,Thursday
San Diego,2021-10-22,13273,4716455,7923,2681312,5017,1855379,328,177819,2090,268749,3809,2269939,3919,2538688,43,Friday
San Diego,2021-10-23,7158,4723613,3854,2685166,3119,1858498,184,178003,1379,269051,2181,2272120,2483,2541171,43,Saturday
San Diego,2021-10-24,4257,4727870,1938,2687104,2208,1860706,110,178113,738,269214,1285,2273405,1448,2542619,43,Sunday
San Diego,2021-10-25,15127,4742997,7426,2694530,7326,1868032,369,178482,2131,269629,3933,2277338,4348,2546967,44,Monday
San Diego,2021-10-26,15296,4758293,7345,2701875,7465,1875497,479,178961,2153,270097,3886,2281224,4354,2551321,44,Tuesday
San Diego,2021-10-27,15152,4773445,7232,2709107,7480,1882977,437,179398,2062,270600,3844,2285068,4347,2555668,44,Wednesday
San Diego,2021-10-28,14704,4788149,6565,2715672,7668,1890645,467,179865,1836,270748,3888,2288956,4036,2559704,44,Thursday
San Diego,2021-10-29,17497,4805646,7817,2723489,9157,1899802,523,180388,2191,270868,4673,2293629,4793,2564497,44,Friday
San Diego,2021-10-30,7923,4813569,3809,2727298,3867,1903669,244,180632,1188,271044,2212,2295841,2388,2566885,44,Saturday
San Diego,2021-10-31,4540,4818109,2032,2729330,2367,1906036,139,180771,719,271179,1373,2297214,1508,2568393,44,Sunday
San Diego,2021-11-01,16395,4834504,6850,2736180,8963,1914999,560,181331,2120,271636,4223,2301437,4680,2573073,45,Monday
San Diego,2021-11-02,16833,4851337,7161,2743341,9094,1924093,546,181877,2155,272101,4462,2305899,4927,2578000,45,Tuesday
San Diego,2021-11-03,16189,4867526,6814,2750155,8498,1932591,505,182382,2441,272907,4094,2309993,4900,2582900,45,Wednesday
San Diego,2021-11-04,16642,4884168,6879,2757034,8676,1941267,529,182911,2557,273800,4259,2314252,5152,2588052,45,Thursday
San Diego,2021-11-05,19418,4903586,7677,2764711,10371,1951638,584,183495,2846,274732,4723,2318975,5655,2593707,45,Friday
San Diego,2021-11-06,9393,4912979,3600,2768311,3981,1955619,297,183792,2649,276329,2426,2321401,4023,2597730,45,Saturday
San Diego,2021-11-07,5745,4918724,2079,2770390,2225,1957844,155,183947,1986,277732,1369,2322770,2772,2600502,45,Sunday
San Diego,2021-11-08,17149,4935873,6810,2777200,7303,1965147,511,184458,4546,280662,3872,2326642,6802,2607304,46,Monday
San Diego,2021-11-09,19409,4955282,7057,2784257,8670,1973817,522,184980,5667,284782,3979,2330621,8099,2615403,46,Tuesday
San Diego,2021-11-10,20057,4975339,6915,2791172,9038,1982855,505,185485,6031,289394,4051,2334672,8663,2624066,46,Wednesday
San Diego,2021-11-11,20066,4995405,6853,2798025,8415,1991270,493,185978,6849,294831,3740,2338412,9177,2633243,46,Thursday
San Diego,2021-11-12,21167,5016572,7170,2805195,9786,2001056,595,186573,6240,299470,4259,2342671,8898,2642141,46,Friday
San Diego,2021-11-13,11151,5027723,3928,2809123,3817,2004873,303,186876,4850,303545,2092,2344763,6167,2648308,46,Saturday
San Diego,2021-11-14,5693,5033416,2233,2811356,2052,2006925,183,187059,2382,305515,1147,2345910,3117,2651425,46,Sunday
San Diego,2021-11-15,18185,5051601,7230,2818586,7772,2014697,556,187615,5422,309544,3731,2349641,7760,2659185,47,Monday
San Diego,2021-11-16,20403,5072004,7820,2826406,9166,2023863,582,188197,5474,313598,4150,2353791,8204,2667389,47,Tuesday
San Diego,2021-11-17,21031,5093035,8320,2834726,9130,2032993,565,188762,5753,317924,4165,2357956,8491,2675880,47,Wednesday
San Diego,2021-11-18,20730,5113765,8402,2843128,8773,2041766,602,189364,5869,322479,3991,2361947,8546,2684426,47,Thursday
San Diego,2021-11-19,22633,5136398,8238,2851366,10438,2052204,537,189901,6181,327276,4223,2366170,9020,2693446,47,Friday
San Diego,2021-11-20,12678,5149076,5104,2856470,4536,2056740,454,190355,4383,330787,2636,2368806,6147,2699593,47,Saturday
San Diego,2021-11-21,6119,5155195,2594,2859064,2378,2059118,229,190584,2055,332492,1289,2370095,2994,2702587,47,Sunday
San Diego,2021-11-22,19459,5174654,7873,2866937,8710,2067828,452,191036,4887,336027,3977,2374072,7512,2710099,48,Monday
San Diego,2021-11-23,21699,5196353,9231,2876168,9116,2076944,529,191565,5628,340004,4535,2378607,8512,2718611,48,Tuesday
San Diego,2021-11-24,19448,5215801,8086,2884254,8001,2084945,477,192042,5603,344228,4005,2382612,8229,2726840,48,Wednesday
San Diego,2021-11-25,551,5216352,265,2884519,190,2085135,48,192090,171,344337,162,2382774,271,2727111,48,Thursday
San Diego,2021-11-26,12613,5228965,5717,2890236,4347,2089482,281,192371,4108,347111,2545,2385319,5319,2732430,48,Friday
San Diego,2021-11-27,9813,5238778,3674,2893910,3512,2092994,355,192726,2685,348050,2713,2388032,3652,2736082,48,Saturday
San Diego,2021-11-28,5668,5244446,2235,2896145,1973,2094967,221,192947,1534,348388,1846,2389878,2184,2738266,48,Sunday
San Diego,2021-11-29,18488,5262934,7443,2903588,7618,2102585,474,193421,3505,348475,5483,2395361,5570,2743836,49,Monday
San Diego,2021-11-30,22062,5284996,8817,2912405,8543,2111128,681,194102,4465,348799,6716,2402077,7040,2750876,49,Tuesday
San Diego,2021-12-01,24712,5309708,9243,2921648,10041,2121169,641,194743,5199,349661,7094,2409171,7956,2758832,49,Wednesday
San Diego,2021-12-02,25155,5334863,9843,2931491,10167,2131336,549,195292,5229,350649,6950,2416121,7938,2766770,49,Thursday
San Diego,2021-12-03,25833,5360696,9633,2941124,10677,2142013,547,195839,5330,351200,7573,2423694,8124,2774894,49,Friday
San Diego,2021-12-04,14156,5374852,5280,2946404,4527,2146540,313,196152,3708,351427,4932,2428626,5159,2780053,49,Saturday
San Diego,2021-12-05,6850,5381702,2801,2949205,2278,2148818,222,196374,1870,351700,2349,2430975,2622,2782675,49,Sunday
San Diego,2021-12-06,21391,5403093,9248,2958453,8297,2157115,479,196853,4403,352281,5985,2436960,6566,2789241,50,Monday
San Diego,2021-12-07,22866,5425959,9882,2968335,8772,2165887,469,197322,4931,353422,6051,2443011,7192,2796433,50,Tuesday
San Diego,2021-12-08,24546,5450505,10269,2978604,9600,2175487,544,197866,5487,354801,6711,2449722,8090,2804523,50,Wednesday
San Diego,2021-12-09,22893,5473398,9891,2988495,8544,2184031,507,198373,4846,355816,6227,2455949,7242,2811765,50,Thursday
San Diego,2021-12-10,23494,5496892,9291,2997786,8973,2193004,392,198765,4781,356148,6736,2462685,7068,2818833,50,Friday
San Diego,2021-12-11,13567,5510459,5304,3003090,4407,2197411,315,199080,3401,356533,4501,2467186,4886,2823719,50,Saturday
San Diego,2021-12-12,5726,5516185,2552,3005642,1945,2199356,149,199229,1617,356994,1831,2469017,2292,2826011,50,Sunday
San Diego,2021-12-13,19672,5535857,9071,3014713,7488,2206844,364,199593,3953,357949,4948,2473965,5903,2831914,51,Monday
San Diego,2021-12-14,20482,5556339,9588,3024301,7435,2214279,467,200060,4261,359125,5356,2479321,6532,2838446,51,Tuesday
San Diego,2021-12-15,22917,5579256,10114,3034415,8819,2223098,459,200519,4850,360483,5980,2485301,7338,2845784,51,Wednesday
San Diego,2021-12-16,22689,5601945,10816,3045231,8801,2231899,457,200976,5034,363454,4608,2489909,7579,2853363,51,Thursday
San Diego,2021-12-17,23339,5625284,10428,3055659,9406,2241305,323,201299,4977,365434,5385,2495294,7365,2860728,51,Friday
San Diego,2021-12-18,12877,5638161,5757,3061416,4478,2245783,161,201460,3301,366646,3531,2498825,4743,2865471,51,Saturday
San Diego,2021-12-19,6485,5644646,3287,3064703,2352,2248135,72,201532,1833,367606,1632,2500457,2592,2868063,51,Sunday
San Diego,2021-12-20,21541,5666187,10390,3075093,8413,2256548,257,201789,4692,369849,4761,2505218,7004,2875067,52,Monday
San Diego,2021-12-21,24295,5690482,12050,3087143,8991,2265539,274,202063,5353,372363,5391,2510609,7905,2882972,52,Tuesday
San Diego,2021-12-22,24633,5715115,11426,3098569,9596,2275135,303,202366,5301,374568,5812,2516421,8017,2890989,52,Wednesday
San Diego,2021-12-23,21130,5736245,10178,3108747,8017,2283152,248,202614,4642,376607,4820,2521241,6859,2897848,52,Thursday
San Diego,2021-12-24,4070,5740315,2182,3110929,1467,2284619,72,202686,973,377143,919,2522160,1455,2899303,52,Friday
San Diego,2021-12-25,107,5740422,51,3110980,8,2284627,0,202686,62,377178,29,2522189,64,2899367,52,Saturday
San Diego,2021-12-26,5311,5745733,2488,3113468,1905,2286532,86,202772,1671,378030,1358,2523547,2210,2901577,52,Sunday
San Diego,2021-12-27,18839,5764572,9266,3122734,7171,2293703,233,203005,4429,380081,4199,2527746,6250,2907827,53,Monday
San Diego,2021-12-28,21477,5786049,10891,3133625,7403,2301106,200,203205,5198,382404,5038,2532784,7361,2915188,53,Tuesday
San Diego,2021-12-29,22212,5808261,10298,3143923,8774,2309880,276,203481,5162,384839,5164,2537948,7599,2922787,53,Wednesday
San Diego,2021-12-30,20239,5828500,9775,3153698,7627,2317507,265,203746,4888,387418,4449,2542397,7028,2929815,53,Thursday
San Diego,2021-12-31,6474,5834974,3018,3156716,2674,2320181,90,203836,1584,388271,1425,2543822,2278,2932093,53,Friday
